%YAML:1.0
R: !!opencv-matrix
   rows: 3
   cols: 3
   dt: d
   data: [ 9.9970912626005626e-01, -1.0219006678678619e-02,
       2.1845703807749171e-02, 1.0123589388697164e-02,
       9.9993874659318316e-01, 4.4739244006670271e-03,
       -2.1890084747296961e-02, -4.2514661182875913e-03,
       9.9975134369782226e-01 ]
T: !!opencv-matrix
   rows: 3
   cols: 1
   dt: d
   data: [ -1.2675586386008947e-01, -2.9943571032794124e-04,
       1.5218854715562443e-03 ]
R1: !!opencv-matrix
   rows: 3
   cols: 3
   dt: d
   data: [ 9.9992100431597042e-01, -7.8052194822794711e-03,
       9.8520899597166374e-03, 7.7835345707395875e-03,
       9.9996720461052191e-01, 2.2374746936657010e-03,
       -9.8692308376593374e-03, -2.1606138600262902e-03,
       9.9994896371285913e-01 ]
R2: !!opencv-matrix
   rows: 3
   cols: 3
   dt: d
   data: [ 9.9992514098296204e-01, 2.3621257885006633e-03,
       -1.2005531723443420e-02, -2.3885217880092961e-03,
       9.9999476081314909e-01, -2.1847905897048174e-03,
       1.2000308074025063e-02, 2.2133025125269149e-03,
       9.9992554417722357e-01 ]
P1: !!opencv-matrix
   rows: 3
   cols: 4
   dt: d
   data: [ 5.4147032313302998e+02, 0., 4.0320949554443359e+02, 0., 0.,
       5.4147032313302998e+02, 2.3506020927429199e+02, 0., 0., 0., 1.,
       0. ]
P2: !!opencv-matrix
   rows: 3
   cols: 4
   dt: d
   data: [ 5.4147032313302998e+02, 0., 4.0320949554443359e+02,
       -6.8639676862068669e+01, 0., 5.4147032313302998e+02,
       2.3506020927429199e+02, 0., 0., 0., 1., 0. ]
Q: !!opencv-matrix
   rows: 4
   cols: 4
   dt: d
   data: [ 1., 0., 0., -4.0320949554443359e+02, 0., 1., 0.,
       -2.3506020927429199e+02, 0., 0., 0., 5.4147032313302998e+02, 0.,
       0., 7.8885907959781596e+00, 0. ]
