%YAML:1.0
R: !!opencv-matrix
   rows: 3
   cols: 3
   dt: d
   data: [ 9.9937429176594872e-01, -6.5926001833056663e-03,
       3.4750001152971860e-02, 6.4698492483482480e-03,
       9.9997243199121277e-01, 3.6436668732189605e-03,
       -3.4773064403531007e-02, -3.4165597320146069e-03,
       9.9938939413603223e-01 ]
T: !!opencv-matrix
   rows: 3
   cols: 1
   dt: d
   data: [ -1.2302105635813504e-01, -6.6649466351446929e-04,
       3.3390380529718455e-04 ]
R1: !!opencv-matrix
   rows: 3
   cols: 3
   dt: d
   data: [ 9.9948537500269896e-01, -1.1657265690563066e-03,
       3.2056609884398977e-02, 1.1104913155858022e-03,
       9.9999786820403558e-01, 1.7408033841018261e-03,
       -3.2058570847003753e-02, -1.7043089362812314e-03,
       9.9948453883304145e-01 ]
R2: !!opencv-matrix
   rows: 3
   cols: 3
   dt: d
   data: [ 9.9998164117338206e-01, 5.4176288774029600e-03,
       -2.7141506104729277e-03, -5.4222967375959687e-03,
       9.9998382787304463e-01, -1.7154271952948921e-03,
       2.7048131689743644e-03, 1.7301126320649518e-03,
       9.9999484533471550e-01 ]
P1: !!opencv-matrix
   rows: 3
   cols: 4
   dt: d
   data: [ 5.1390628816379513e+02, 0., 2.8056865310668945e+02, 0., 0.,
       5.1390628816379513e+02, 3.1803433990478516e+02, 0., 0., 0., 1.,
       0. ]
P2: !!opencv-matrix
   rows: 3
   cols: 4
   dt: d
   data: [ 5.1390628816379513e+02, 0., 2.8056865310668945e+02,
       -6.3222455129090314e+01, 0., 5.1390628816379513e+02,
       3.1803433990478516e+02, 0., 0., 0., 1., 0. ]
Q: !!opencv-matrix
   rows: 4
   cols: 4
   dt: d
   data: [ 1., 0., 0., -2.8056865310668945e+02, 0., 1., 0.,
       -3.1803433990478516e+02, 0., 0., 0., 5.1390628816379513e+02, 0.,
       0., 8.1285405179928443e+00, 0. ]
