%YAML:1.0
R: !!opencv-matrix
   rows: 3
   cols: 3
   dt: d
   data: [ 9.9936325491437805e-01, -5.0034601199416837e-03,
       3.5327752741549950e-02, 4.9064694605543092e-03,
       9.9998395413221364e-01, 2.8316135921922897e-03,
       -3.5341353742783882e-02, -2.6564760362166591e-03,
       9.9937176858799470e-01 ]
T: !!opencv-matrix
   rows: 3
   cols: 1
   dt: d
   data: [ -1.2286017543142878e-01, -6.7857545995819995e-04,
       6.2183304112517588e-04 ]
R1: !!opencv-matrix
   rows: 3
   cols: 3
   dt: d
   data: [ 9.9954117977598378e-01, 5.3303383473321596e-04,
       3.0284415248863369e-02, -5.7330954303368305e-04,
       9.9999896280975353e-01, 1.3212477380259474e-03,
       -3.0283679568414823e-02, -1.3380038671101792e-03,
       9.9954044865500524e-01 ]
R2: !!opencv-matrix
   rows: 3
   cols: 3
   dt: d
   data: [ 9.9997194016218416e-01, 5.5229973167302427e-03,
       -5.0611647786405114e-03, -5.5297227080018524e-03,
       9.9998384529589901e-01, -1.3157940568872240e-03,
       5.0538158899755443e-03, 1.3437439737247706e-03,
       9.9998632655506015e-01 ]
P1: !!opencv-matrix
   rows: 3
   cols: 4
   dt: d
   data: [ 4.2660036205155575e+02, 0., 3.4214534378051758e+02, 0., 0.,
       4.2660036205155575e+02, 2.5979896545410156e+02, 0., 0., 0., 1.,
       0. ]
P2: !!opencv-matrix
   rows: 3
   cols: 4
   dt: d
   data: [ 4.2660036205155575e+02, 0., 3.4214534378051758e+02,
       -5.2413666039733577e+01, 0., 4.2660036205155575e+02,
       2.5979896545410156e+02, 0., 0., 0., 1., 0. ]
Q: !!opencv-matrix
   rows: 4
   cols: 4
   dt: d
   data: [ 1., 0., 0., -3.4214534378051758e+02, 0., 1., 0.,
       -2.5979896545410156e+02, 0., 0., 0., 4.2660036205155575e+02, 0.,
       0., 8.1391055860919934e+00, 0. ]
