%YAML:1.0
M1: !!opencv-matrix
   rows: 3
   cols: 3
   dt: d
   data: [ 4.5165828022869442e+02, 0., 3.7172507536181774e+02, 0.,
       4.5165828022869442e+02, 2.5025530524231729e+02, 0., 0., 1. ]
D1: !!opencv-matrix
   rows: 1
   cols: 8
   dt: d
   data: [ -3.3151383238260879e-01, 1.5623926637902558e-01, 0., 0., 0.,
       0., 0., 5.5570715470222916e-02 ]
M2: !!opencv-matrix
   rows: 3
   cols: 3
   dt: d
   data: [ 4.5165828022869442e+02, 0., 3.6828369277376964e+02, 0.,
       4.5165828022869442e+02, 2.5272957577232415e+02, 0., 0., 1. ]
D2: !!opencv-matrix
   rows: 1
   cols: 8
   dt: d
   data: [ -3.4668256741234088e-01, 2.2973847103399320e-01, 0., 0., 0.,
       0., 0., 1.3071035716572721e-01 ]
