%YAML:1.0
M1: !!opencv-matrix
   rows: 3
   cols: 3
   dt: d
   data: [ 4.5025668713252276e+02, 0., 3.7224692667825775e+02, 0.,
       4.5025668713252276e+02, 2.4614175264966411e+02, 0., 0., 1. ]
D1: !!opencv-matrix
   rows: 1
   cols: 8
   dt: d
   data: [ -2.4935468622196716e-01, -2.6289898540215170e-02, 0., 0., 0.,
       8.6244974123783263e-02, -1.7408360504173748e-01,
       1.4431120502570616e-02 ]
M2: !!opencv-matrix
   rows: 3
   cols: 3
   dt: d
   data: [ 4.5025668713252276e+02, 0., 3.6845738440935475e+02, 0.,
       4.5025668713252276e+02, 2.4906405798303291e+02, 0., 0., 1. ]
D2: !!opencv-matrix
   rows: 1
   cols: 8
   dt: d
   data: [ -1.7201534795859325e-01, 7.5965159538843940e-01, 0., 0., 0.,
       1.6758680720765487e-01, 6.1075809831554551e-01,
       2.5278250713442507e-01 ]
