%YAML:1.0
M1: !!opencv-matrix
   rows: 3
   cols: 3
   dt: d
   data: [ 4.6869290988159656e+02, 0., 3.9291079651553224e+02, 0.,
       4.6869290988159656e+02, 2.1958800626718622e+02, 0., 0., 1. ]
D1: !!opencv-matrix
   rows: 1
   cols: 8
   dt: d
   data: [ -3.5715239169980006e-01, 2.0885595876069754e-01, 0., 0., 0.,
       0., 0., 9.2664652123451680e-02 ]
M2: !!opencv-matrix
   rows: 3
   cols: 3
   dt: d
   data: [ 4.6869290988159656e+02, 0., 3.7177985630963536e+02, 0.,
       4.6869290988159656e+02, 2.8084196417001402e+02, 0., 0., 1. ]
D2: !!opencv-matrix
   rows: 1
   cols: 8
   dt: d
   data: [ -3.4843737684697346e-01, 1.2606136520224281e-01, 0., 0., 0.,
       0., 0., -6.9011836187687872e-02 ]
